37 37 74
41 34 75
44 13 57
40 4 44
13 6 19
16 0 16
63 7 70
63 34 97
15 16 31
18 60 78
28 20 48
19 34 53
57 5 62
16 33 49
50 20 70
42 35 77
9 83 92
20 0 20
48 47 95
16 25 41
30 2 32
11 4 15
71 13 84
42 48 90
69 7 76
17 10 27
43 33 76
59 2 61
55 1 56
6 13 19
1 38 39
77 17 94
48 15 63
62 24 86
39 13 52
3 9 12
5 37 42
78 18 96
20 56 76
76 23 99
79 9 88
2 3 5
52 4 56
10 13 23
5 58 63
2 24 26
84 9 93
39 9 48
4 23 27
2 77 79
39 51 90
1 29 30
17 2 19
35 12 47
40 56 96
55 15 70
6 36 42
52 33 85
27 25 52
9 72 81
58 12 70
4 21 25
9 7 16
70 30 100
60 14 74
17 13 30
13 80 93
6 28 34
9 64 73
5 43 48
5 17 22
62 4 66
6 29 35
5 15 20
26 7 33
19 79 98
3 2 5
47 2 49
45 32 77
31 50 81
36 24 60
24 48 72
27 12 39
10 10 20
84 0 84
35 9 44
44 10 54
8 2 10
10 33 43
38 7 45
71 25 96
39 56 95
58 0 58
21 36 57
42 11 53
50 4 54
62 25 87
47 16 63
6 4 10
17 36 53
2 83 85
10 11 21
34 63 97
34 8 42
2 20 22
36 42 78
25 17 42
65 2 67
6 10 16
12 22 34
64 18 82
23 12 35
13 54 67
28 64 92
17 38 55
67 17 84
26 33 59
22 44 66
51 2 53
43 12 55
12 2 14
28 62 90
3 4 7
0 91 91
49 26 75
0 23 23
41 32 73
29 37 66
3 24 27
1 62 63
15 52 67
42 49 91
10 52 62
11 1 12
13 41 54
45 30 75
0 66 66
27 44 71
41 12 53
42 26 68
10 22 32
64 11 75
1 64 65
9 89 98
30 40 70
57 8 65
10 86 96
0 13 13
26 5 31
19 0 19
25 28 53
5 23 28
0 54 54
43 3 46
47 32 79
14 58 72
58 17 75
19 3 22
10 45 55
48 21 69
11 32 43
27 51 78
33 3 36
54 14 68
66 34 100
13 29 42
31 31 62
55 36 91
13 2 15
19 32 51
54 27 81
15 11 26
3 18 21
2 11 13
20 70 90
0 10 10
38 21 59
0 56 56
8 20 28
26 45 71
66 28 94
13 44 57
23 37 60
27 41 68
25 1 26
3 30 33
24 7 31
3 11 14
73 17 90
66 4 70
0 85 85
26 16 42
85 6 91
0 72 72
21 25 46
47 8 55
12 29 41
22 21 43
20 38 58
9 20 29
16 15 31
25 11 36
9 0 9
1 1 2
24 58 82
51 27 78
16 69 85
58 36 94
43 39 82
55 24 79
56 10 66
27 21 48
35 17 52
14 8 22
55 19 74
12 25 37
16 26 42
3 21 24
40 38 78
14 11 25
4 42 46
27 57 84
3 1 4
5 55 60
27 61 88
59 24 83
40 54 94
6 42 48
74 5 79
24 50 74
47 21 68
27 9 36
55 40 95
52 25 77
7 4 11
39 17 56
74 21 95
41 29 70
2 1 3
14 82 96
27 2 29
7 43 50
16 6 22
11 8 19
4 49 53
43 9 52
10 0 10
76 8 84
17 29 46
56 4 60
30 53 83
48 22 70
18 28 46
19 30 49
31 35 66
33 6 39
20 8 28
68 10 78
35 41 76
23 74 97
5 30 35
43 50 93
36 22 58
49 10 59
10 47 57
37 53 90
57 41 98
9 3 12
66 25 91
75 7 82
3 25 28
15 41 56
81 9 90
44 56 100
29 44 73
7 22 29
20 67 87
3 56 59
22 3 25
0 58 58
40 19 59
0 46 46
14 39 53
33 61 94
41 4 45
56 30 86
6 72 78
55 32 87
13 13 26
5 6 11
37 58 95
8 3 11
12 8 20
26 26 52
0 12 12
30 4 34
4 91 95
8 68 76
94 6 100
2 43 45
53 44 97
61 16 77
38 6 44
5 10 15
40 13 53
27 52 79
33 45 78
14 60 74
14 2 16
8 24 32
4 10 14
22 42 64
8 15 23
21 5 26
61 1 62
6 32 38
7 44 51
12 47 59
32 55 87
10 6 16
58 34 92
26 68 94
19 13 32
59 34 93
12 58 70
32 15 47
10 39 49
3 6 9
22 8 30
16 1 17
27 33 60
46 11 57
13 48 61
7 11 18
94 2 96
7 46 53
57 1 58
1 95 96
0 16 16
17 6 23
6 8 14
32 31 63
45 24 69
8 4 12
73 6 79
61 3 64
15 70 85
16 32 48
27 1 28
53 20 73
2 47 49
1 6 7
30 16 46
0 38 38
6 23 29
54 36 90
2 2 4
27 32 59
20 62 82
11 0 11
5 64 69
51 10 61
8 59 67
58 32 90
39 20 59
37 9 46
15 2 17
37 24 61
32 17 49
24 19 43
18 3 21
2 36 38
10 5 15
40 42 82
68 3 71
16 58 74
97 0 97
38 39 77
15 59 74
8 23 31
6 5 11
17 7 24
7 6 13
76 5 81
25 20 45
39 46 85
50 50 100
44 5 49
15 8 23
9 80 89
60 31 91
1 4 5
28 11 39
36 44 80
7 53 60
23 19 42
54 10 64
58 41 99
51 45 96
50 35 85
15 4 19
1 44 45
69 17 86
48 14 62
31 0 31
39 7 46
13 1 14
22 19 41
0 1 1
8 10 18
41 28 69
13 75 88
2 52 54
3 12 15
23 43 66
32 25 57
5 12 17
12 5 17
19 16 35
23 14 37
4 30 34
26 74 100
6 45 51
4 0 4
42 23 65
7 27 34
14 36 50
3 5 8
53 6 59
5 1 6
69 27 96
74 8 82
2 34 36
83 12 95
9 42 51
13 24 37
4 3 7
6 7 13
6 90 96
49 37 86
8 46 54
41 2 43
70 29 99
6 37 43
30 52 82
4 26 30
74 6 80
46 38 84
35 32 67
3 39 42
4 19 23
4 2 6
89 10 99
7 5 12
17 62 79
7 71 78
61 39 100
36 46 82
1 14 15
2 13 15
4 1 5
24 14 38
78 12 90
1 19 20
10 9 19
24 28 52
28 50 78
25 36 61
6 71 77
6 66 72
0 37 37
58 13 71
23 33 56
36 53 89
23 1 24
0 5 5
18 0 18
1 10 11
70 17 87
3 66 69
33 31 64
1 75 76
5 46 51
2 10 12
2 40 42
12 85 97
64 4 68
6 51 57
39 23 62
33 12 45
11 54 65
29 48 77
8 53 61
29 17 46
3 10 13
36 19 55
21 24 45
40 3 43
14 33 47
26 29 55
0 68 68
37 52 89
21 44 65
32 22 54
32 66 98
16 29 45
25 42 67
1 16 17
69 26 95
1 11 12
9 43 52
32 18 50
0 32 32
52 18 70
34 48 82
18 50 68
51 40 91
50 28 78
52 23 75
7 91 98
15 85 100
84 12 96
38 50 88
7 48 55
2 16 18
16 10 26
0 39 39
7 23 30
3 80 83
17 46 63
54 35 89
21 9 30
26 71 97
25 56 81
57 34 91
33 25 58
5 0 5
10 53 63
20 31 51
15 15 30
11 75 86
6 61 67
2 6 8
10 90 100
46 2 48
20 40 60
66 6 72
1 3 4
4 4 8
5 2 7
4 11 15
21 58 79
9 69 78
17 35 52
4 86 90
16 19 35
29 21 50
66 27 93
6 63 69
84 6 90
8 11 19
38 40 78
5 85 90
20 1 21
0 26 26
20 61 81
25 61 86
14 59 73
44 6 50
23 57 80
74 20 94
34 39 73
19 46 65
22 23 45
23 10 33
6 20 26
0 42 42
13 45 58
0 6 6
73 27 100
18 23 41
79 10 89
1 9 10
6 2 8
1 22 23
23 56 79
3 0 3
7 2 9
8 27 35
39 29 68
16 65 81
0 86 86
47 4 51
19 5 24
51 8 59
10 18 28
6 33 39
41 26 67
4 55 59
2 7 9
82 3 85
61 26 87
34 3 37
27 7 34
44 28 72
30 34 64
79 3 82
1 45 46
40 2 42
1 52 53
77 6 83
70 25 95
39 14 53
42 6 48
18 65 83
0 11 11
69 8 77
6 38 44
51 41 92
1 67 68
37 38 75
87 8 95
3 34 37
32 38 70
52 14 66
7 9 16
62 7 69
40 15 55
27 72 99
37 8 45
25 10 35
22 64 86
6 25 31
11 5 16
11 22 33
10 44 54
11 9 20
27 19 46
3 57 60
60 9 69
1 81 82
7 84 91
25 19 44
10 24 34
17 0 17
7 37 44
5 7 12
51 32 83
10 12 22
6 54 60
3 27 30
4 67 71
5 3 8
20 19 39
38 8 46
2 5 7
3 8 11
61 18 79
30 37 67
11 86 97
50 2 52
16 45 61
37 47 84
13 58 71
20 75 95
41 18 59
17 79 96
17 40 57
18 69 87
39 1 40
61 14 75
32 54 86
11 13 24
29 15 44
62 6 68
51 34 85
6 78 84
26 37 63
19 2 21
48 33 81
18 20 38
44 23 67
68 14 82
0 2 2
12 7 19
19 43 62
4 43 47
50 17 67
41 47 88
1 0 1
9 28 37
38 61 99
28 27 55
42 2 44
42 47 89
55 6 61
21 42 63
1 46 47
16 8 24
16 11 27
8 52 60
2 45 47
16 37 53
38 47 85
4 64 68
1 78 79
33 59 92
34 24 58
23 0 23
73 13 86
29 68 97
27 4 31
32 36 68
65 4 69
33 62 95
16 43 59
55 5 60
36 47 83
68 23 91
57 36 93
21 4 25
5 20 25
31 14 45
93 0 93
11 39 50
25 8 33
8 64 72
10 16 26
6 1 7
51 5 56
23 39 62
31 48 79
19 22 41
36 32 68
32 33 65
33 2 35
36 15 51
29 4 33
33 10 43
0 4 4
60 34 94
75 4 79
28 66 94
11 26 37
53 35 88
13 73 86
12 0 12
37 19 56
32 26 58
60 2 62
0 8 8
34 37 71
42 5 47
22 47 69
42 7 49
2 8 10
2 58 60
77 4 81
26 25 51
11 2 13
15 58 73
39 49 88
16 42 58
15 77 92
38 16 54
3 58 61
15 5 20
39 24 63
19 45 64
25 41 66
7 72 79
23 2 25
40 44 84
37 60 97
41 48 89
37 33 70
13 5 18
14 50 64
15 65 80
27 6 33
8 17 25
21 49 70
13 86 99
7 39 46
12 9 21
48 43 91
27 58 85
40 45 85
21 55 76
26 57 83
48 7 55
1 26 27
17 64 81
9 2 11
26 12 38
65 27 92
7 1 8
43 8 51
48 0 48
29 32 61