9 2 11
10 3 13
4 8 12
9 0 9
2 2 4
3 1 4
1 5 6
0 0 0
2 8 10
9 1 10
6 6 12
8 4 12
7 10 17
5 8 13
2 3 5
1 2 3
3 2 5
5 2 7
5 10 15
1 10 11
6 3 9
8 7 15
6 7 13
6 4 10
4 1 5
1 7 8
2 7 9
10 0 10
4 5 9
2 10 12
4 2 6
5 0 5
0 6 6
9 7 16
4 10 14
1 4 5
8 10 18
2 0 2
4 0 4
7 7 14
7 3 10
9 10 19
1 1 2
0 10 10
8 8 16
3 5 8
7 0 7
10 7 17
0 8 8
3 8 11
8 9 17
6 9 15
1 0 1
10 10 20
10 5 15
5 1 6
6 5 11
5 7 12
6 2 8
10 1 11
9 6 15
4 7 11
4 6 10
7 1 8
10 9 19
0 3 3
7 5 12
10 6 16
8 6 14
8 2 10
3 6 9
8 1 9
6 8 14
3 0 3
0 7 7
3 4 7
0 4 4
2 9 11
3 3 6
7 2 9
