30 0 30
2 25 27
20 8 28
27 0 27
0 26 26
16 11 27
13 13 26
12 11 23
27 2 29
8 16 24
18 11 29
4 11 15
22 4 26
5 0 5
3 15 18
21 2 23
20 5 25
12 4 16
15 13 28
3 16 19
3 10 13
6 9 15
7 10 17
29 0 29
4 8 12
4 21 25
2 6 8
3 19 22
26 0 26
0 14 14
5 11 16
11 5 16
0 3 3
11 2 13
13 0 13
26 2 28
8 6 14
25 4 29
14 12 26
2 22 24
0 28 28
2 26 28
17 9 26
19 7 26
7 21 28
24 0 24
1 5 6
10 10 20
3 27 30
22 2 24
2 12 14
5 20 25
25 2 27
11 1 12
19 6 25
10 7 17
4 25 29
4 0 4
18 5 23
10 0 10
17 3 20
22 7 29
8 9 17
4 13 17
8 7 15
5 22 27
6 10 16
16 7 23
24 2 26
4 18 22
3 12 15
0 17 17
5 7 12
6 7 13
4 16 20
16 9 25
3 9 12
0 4 4
12 16 28
11 8 19
6 1 7
11 3 14
1 29 30
15 8 23
10 14 24
6 21 27
2 10 12
4 20 24
21 4 25
20 3 23
22 3 25
14 6 20
0 6 6
10 1 11
4 1 5
19 5 24
0 2 2
6 12 18
1 25 26
11 11 22
20 6 26
0 19 19
17 0 17
13 16 29
11 18 29
10 5 15
0 12 12
6 14 20
5 10 15
9 2 11
1 19 20
7 23 30
7 12 19
1 2 3
4 26 30
7 4 11
8 19 27
14 16 30
8 1 9
12 1 13
1 13 14
6 19 25
24 6 30
12 8 20
1 15 16
12 18 30
14 10 24
18 7 25
14 15 29
1 9 10
18 4 22
18 0 18
0 16 16
13 14 27
17 1 18
8 4 12
1 1 2
10 8 18
17 2 19
10 4 14
0 11 11
2 4 6
14 11 25
21 9 30
4 22 26
18 3 21
3 8 11
8 12 20
16 13 29
13 4 17
15 5 20
0 18 18
2 20 22
4 17 21
10 19 29
15 3 18
2 11 13
24 5 29
5 19 24
8 5 13
10 15 25
13 1 14
8 14 22
3 23 26
15 15 30
20 0 20
3 3 6
5 12 17
20 9 29
2 19 21
25 5 30
9 11 20
6 6 12
20 4 24
13 10 23
19 4 23
6 22 28
26 1 27
9 10 19
6 15 21
8 20 28
19 2 21
1 8 9
23 7 30
7 19 26
13 6 19
16 12 28
17 6 23
0 30 30
10 3 13
3 2 5
16 4 20
13 9 22
0 7 7
9 4 13
4 23 27
7 18 25
9 12 21
11 16 27
6 4 10
2 18 20
8 18 26
3 1 4
7 8 15
16 6 22
13 17 30
9 7 16
1 17 18
8 21 29
1 28 29
7 22 29
6 20 26
10 18 28
8 15 23
12 6 18
28 2 30
8 2 10
12 12 24
15 1 16
3 26 29
1 7 8
22 6 28
17 8 25
3 20 23
12 0 12
7 13 20
0 1 1
18 6 24
25 0 25
1 21 22
10 2 12
29 1 30
11 9 20
17 4 21
5 23 28
28 1 29
2 17 19
1 23 24
24 4 28
3 22 25
14 14 28
1 11 12
25 3 28
9 20 29
9 13 22
22 8 30
2 16 18
7 20 27
13 3 16
2 14 16
14 3 17
11 19 30
0 29 29
16 8 24
1 14 15
9 3 12
0 10 10
21 7 28
10 6 16
18 9 27
3 14 17
18 1 19
6 17 23
14 2 16
4 15 19
9 18 27
1 20 21
1 16 17
5 17 22
11 0 11
0 21 21
3 5 8
13 11 24
11 10 21
17 12 29
5 5 10
5 6 11
1 24 25
2 7 9
6 0 6
11 15 26
1 10 11
13 7 20
15 12 27
16 5 21
2 8 10
0 15 15
17 11 28
23 4 27
2 13 15
2 9 11
16 14 30
26 4 30
12 14 26
5 9 14
23 3 26
5 2 7
14 0 14
1 6 7
2 23 25
21 0 21
13 2 15
7 11 18
23 6 29
15 11 26
7 1 8
17 5 22
9 0 9
4 9 13
0 22 22
0 23 23
4 3 7
1 0 1
11 12 23
4 24 28
0 27 27
0 25 25
15 10 25
0 13 13
5 14 19
5 21 26
10 13 23
6 23 29
4 4 8
12 13 25
21 5 26
22 5 27
12 5 17
1 4 5
5 18 23
15 7 22
8 0 8
16 1 17
12 10 22
10 16 26
16 0 16
2 15 17
6 3 9
7 0 7
4 2 6
7 7 14
19 9 28
6 13 19
24 3 27
7 14 21
13 15 28
4 10 14
19 10 29
20 1 21
9 16 25
19 1 20
8 13 21
4 12 16
7 5 12
9 6 15
8 8 16
4 19 23
24 1 25
22 0 22
2 3 5
8 10 18
0 9 9
23 0 23
16 2 18
13 12 25
3 17 20
20 10 30
3 4 7
28 0 28
7 2 9
1 27 28
14 8 22
14 7 21
15 0 15
8 11 19
23 5 28
9 5 14
2 27 29
0 20 20
14 13 27
12 2 14
12 7 19
11 13 24
18 12 30
11 6 17
5 25 30
3 0 3
1 26 27
16 10 26
5 3 8
3 25 28
14 9 23
4 7 11
5 4 9
7 6 13
4 14 18